1175377.500000
58744.460938
80560.554688
81153.781250
65437.472656
75154.960938
68252.921875
70357.601562
69170.710938
61920.203125
67914.750000
59266.609375
64721.539062
65426.574219
61182.300781
70019.882812
76922.101562
65306.136719
58248.699219
53409.261719
63013.816406
68545.679688
54695.656250
53861.511719
43920.156250
55224.152344
56994.117188
48735.894531
47319.449219
54156.574219
42531.566406
48145.632812
34047.304688
37551.156250
32613.091797
35278.757812
42403.179688
28402.078125
21878.257812
26445.648438
22040.128906
39005.812500
25945.380859
11270.552734
30026.351562
12677.521484
15678.912109
5241.865723
7326.034180
12967.814453
2840.729736
1743.536255
20193.855469
-5377.750977
9430.267578
-10788.236328
-5749.574707
-4988.572754
-12976.416016
-11736.587891
3023.318848
-5321.120117
-18014.115234
-23817.257812
-18494.052734
-16940.369141
-27298.158203
-28035.179688
-39138.378906
-31557.853516
-30659.597656
-31127.642578
-31241.253906
-41402.085938
-40257.964844
-38579.515625
-42253.535156
-48680.714844
-44431.429688
-36133.441406
-47736.660156
-45175.878906
-51352.195312
-60987.332031
-36059.562500
-58999.457031
-57024.019531
-65262.824219
-58359.062500
-62094.734375
-61429.812500
-49105.855469
-53587.765625
-69514.531250
-52134.710938
-50132.078125
-66954.679688
-56985.664062
-61505.464844
-65077.816406
-44922.515625
-57576.460938
-63271.343750
-76291.445312
-62911.347656
-54025.605469
-67690.867188
-58486.410156
-73444.945312
-65726.875000
-71836.429688
-66437.625000
-71087.726562
-61876.824219
-72697.890625
-60303.890625
-59381.546875
-68319.976562
-68222.906250
-75146.500000
-65036.023438
-74412.687500
-64923.980469
-60031.726562
-55600.675781
-64332.429688
-59081.906250
-68630.054688
-57537.781250
-60859.785156
-61102.695312
-52943.019531
-55742.148438
-48139.113281
-50198.058594
-44020.765625
-38306.539062
-56518.957031
-44173.824219
-42125.359375
-30387.619141
-39856.812500
-37720.625000
-42231.003906
-32623.859375
-35772.324219
-39936.789062
-27218.744141
-33299.468750
-27526.507812
-20213.177734
-32780.316406
-15163.270508
-16840.675781
-15845.291992
-14307.047852
-6346.933594
-6138.238770
-17759.777344
-8071.196777
-7806.894531
4126.604004
7195.188477
2373.465576
5152.952148
-1016.849731
3896.646240
15257.705078
21949.214844
11425.586914
18086.216797
16082.097656
26289.519531
15382.017578
14810.376953
30145.115234
31876.322266
37385.382812
22326.210938
19798.972656
38406.558594
32796.535156
37917.000000
28987.388672
40586.484375
44851.457031
44932.007812
48737.496094
50989.281250
52466.851562
52609.812500
54529.195312
46469.062500
55483.261719
68860.242188
59616.500000
62987.597656
62301.765625
65944.242188
61585.601562
66157.023438
62208.343750
56992.937500
57660.234375
66920.101562
77403.437500
61903.683594
59761.074219
70408.257812
68352.273438
67385.070312
65218.839844
77282.023438
63787.582031
78757.179688
67636.593750
67722.734375
71341.343750
71363.546875
63105.062500
65738.554688
66754.859375
69972.125000
71963.070312
69189.984375
62608.949219
73956.031250
59611.171875
54623.980469
65023.980469
57228.144531
50475.140625
68364.148438
66362.640625
63723.269531
57487.437500
58918.917969
56899.214844
48939.464844
59422.218750
59839.339844
39281.417969
49572.894531
39524.945312
39468.253906
38753.769531
45712.667969
39286.425781
45154.785156
29216.662109
35545.343750
38368.535156
32892.953125
25217.703125
31034.041016
26569.558594
29518.951172
23230.212891
23646.435547
26418.062500
28205.121094
12932.697266
13030.744141
10691.250977
15536.503906
6830.938477
4981.262207
2332.029541
4308.431152
-1366.338501
-2838.551270
4440.088867
8664.250000
-12252.353516
-11027.997070
-1990.781982
-14912.484375
-5498.898926
-17556.207031
-16671.205078
-19654.775391
-25932.912109
-20759.634766
-33253.183594
-38005.132812
-31347.652344
-32233.378906
-39135.093750
-39830.039062
-40657.093750
-37952.222656
-35519.597656
-30111.478516
-53918.218750
-36908.343750
-40808.570312
-48609.898438
-45612.355469
-49962.148438
-65645.460938
-53126.500000
-61283.554688
-51292.472656
-45862.554688
-53650.398438
-49353.710938
-53343.988281
-53349.554688
-61315.476562
-58444.632812
-58436.789062
-66111.187500
-69162.062500
-67361.945312
-57589.941406
-66442.070312
-71373.664062
-64176.281250
-61631.921875
-64037.511719
-72331.507812
-63103.726562
-73780.414062
-79824.742188
-73603.265625
-74192.664062
-68944.546875
-67559.539062
-73824.695312
-65477.328125
-66483.882812
-58126.953125
-79279.281250
-69347.414062
-59897.027344
-68795.328125
-74465.796875
-62977.804688
-61535.050781
-59574.410156
-68187.304688
-54885.125000
-49844.234375
-52177.957031
-58219.390625
-56608.109375
-54462.410156
-53147.292969
-51119.468750
-55322.761719
-44935.082031
-45073.242188
-41350.769531
-39607.390625
-50059.058594
-50047.281250
-42112.878906
-33453.933594
-27336.115234
-30868.535156
-32188.943359
-25294.279297
-33721.746094
-30047.011719
-30041.341797
-20955.066406
-16812.777344
-23827.166016
-17079.818359
-18330.191406
-14428.230469
-12593.861328
-5607.953613
-9958.489258
-12334.109375
-12856.276367
9157.207031
-40.937397
11582.133789
-1049.284424
5182.674316
12559.084961
2395.031006
3640.800049
12255.957031
10690.551758
13990.064453
25340.509766
10912.021484
26451.785156
27057.458984
20041.427734
27076.560547
35193.960938
36236.101562
32653.400391
31360.474609
43606.148438
40581.937500
33852.542969
34355.109375
35669.484375
44147.539062
47852.949219
37339.671875
45708.296875
40143.656250
63457.023438
53104.875000
60928.828125
60595.683594
54117.972656
56522.187500
60369.378906
60708.183594
72456.609375
53096.851562
56864.339844
64774.238281
68459.960938
57950.191406
60297.203125
70119.062500
72451.781250
71492.242188
70948.296875
70281.531250
67010.125000
67755.632812
72693.085938
77509.734375
77164.960938
57752.457031
79488.687500
72728.273438
72311.265625
70443.156250
66342.093750
66692.132812
74952.703125
56141.816406
57144.343750
71834.039062
68562.312500
63945.867188
56760.863281
59287.417969
64222.613281
64076.062500
66372.171875
61746.878906
59742.714844
60482.042969
56332.714844
54604.578125
46132.281250
53987.246094
49694.363281
54139.957031
43078.460938
56083.382812
41055.203125
35414.359375
47359.730469
43982.968750
44455.769531
31249.035156
37590.121094
42271.449219
31081.314453
32501.980469
38079.308594
18446.939453
25759.507812
19509.250000
10449.186523
23877.064453
5106.709961
20524.251953
-533.604370
4757.047363
6138.646484
3820.676758
16108.354492
13602.893555
-3293.089844
-6705.985840
-3374.385986
-5812.773926
-9531.376953
-10869.067383
-9497.056641
-17580.859375
-1782.716797
-13866.719727
-19873.324219
-16096.002930
-31635.146484
-13689.018555
-30568.566406
-38810.613281
-34004.644531
-30843.726562
-27612.666016
-24061.185547
-43714.574219
-37463.921875
-36817.621094
-49956.675781
-49916.414062
-43311.074219
-54557.910156
Performance:3170.889315